2.282442
2.232128
2.114162
2.131691
2.312203
2.783437
3.672962
5.114704
5.628865
7.570611
8.921436
10.314472
11.398735
12.651115
15.762559
16.873497
16.219883
16.498234
15.917711
12.104427
12.939451
13.264475
16.352537
16.021841
17.685158
19.158520
19.737291
18.813551
19.412912
24.671347
24.169113
22.157963
24.939829
22.569925
14.582394
21.404030
16.474575
16.543268
15.693213
18.432001
15.716070
15.791660
18.559959
29.255886
23.015587
23.666529
23.886482
21.101910
17.159243
12.238243
14.988577
12.003593
14.506812
12.358611
18.391886
20.799671
22.481936
34.398247
22.233021
38.217819
37.602070
25.987310
25.054348
19.585819
15.735587
16.332870
12.302284
12.177741
19.394354
13.270753
20.398817
18.876657
25.069838
27.403038
22.748032
24.665123
24.975452
26.276180
25.579672
22.658047
19.824450
19.751442
22.843502
17.606897
16.774935
15.266491
14.724392
27.002516
33.564011
25.356796
35.367390
21.208181
19.465176
16.221437
14.674406
10.421371
11.917892
12.401393
12.294151
14.884003
